HiC-Pro	HiCUP	Hi-CPIPE	Hickit	Bin3C_5	Bin3C_5SP
HiC-Pro	1	0.958115098656129	0.967494402716652	0.962784525976228	0.962784525976228	0.724521906642287
HiCUP	0.958115098656129	1	0.972661569510131	0.95376665577032	0.95376665577032	0.705435706638806
Hi-CPIPE	0.967494402716652	0.972661569510131	1	0.984023807024097	0.984023807024097	0.739610324070955
Hickit	0.962784525976228	0.95376665577032	0.984023807024097	1	1	0.799674977016473
Bin3C_5	0.962784525976228	0.95376665577032	0.984023807024097	1	1	0.799674977016473
Bin3C_5SP	0.724521906642287	0.705435706638806	0.739610324070955	0.799674977016473	0.799674977016473	1
